10 10 10 
13 13 13 
16 16 16 
19 19 19 
22 22 22 
25 25 25 
28 28 28 
31 31 31 
34 34 34 
37 37 37 
40 40 40 
43 43 43 
46 46 46 
49 49 49 
52 52 52 
55 55 55 
58 58 58 
61 61 61 
64 64 64 
67 67 67 
70 70 70 
73 73 73 
76 76 76 
79 79 79 
82 82 82 
85 85 85 
88 88 88 
91 91 91 
94 94 94 
97 97 97 
100 100 100 
103 103 103 
106 106 106 
109 109 109 
112 112 112 
115 115 115 
118 118 118 
121 121 121 
124 124 124 
127 127 127 
130 130 130 
133 133 133 
136 136 136 
139 139 139 
142 142 142 
145 145 145 
148 148 148 
151 151 151 
154 154 154 
157 157 157 
160 160 160 
163 163 163 
166 166 166 
169 169 169 
172 172 172 
175 175 175 
178 178 178 
181 181 181 
184 184 184 
187 187 187
190 190 190
